time,TRIX
2019-11-15,0.1408
2019-11-14,-0.1189
2019-11-13,-0.4149
2019-11-12,-0.7745
2019-11-11,-1.0620
2019-11-08,-1.3755
2019-11-07,-1.5121
2019-11-06,-1.4825
2019-11-05,-1.3657
2019-11-04,-1.0775
2019-11-01,-0.7179
2019-10-31,-0.4542
2019-10-30,-0.2208
2019-10-29,-0.3977
2019-10-28,-0.5256
2019-10-25,-0.7300
2019-10-24,-0.9297
2019-10-23,-0.9707
2019-10-22,-0.7183
2019-10-21,-0.3866
2019-10-18,-0.1332
2019-10-17,0.1417
2019-10-16,0.3246
2019-10-15,0.4670
2019-10-14,0.3551
2019-10-11,0.1513
2019-10-10,0.0212
2019-10-09,0.0190
2019-10-08,-0.0056
2019-10-07,0.0019
2019-10-04,-0.1873
2019-10-03,-0.3629
2019-10-02,-0.4584
2019-10-01,-0.4270
2019-09-30,-0.4867
2019-09-27,-0.5054
2019-09-26,-0.4055
2019-09-25,-0.4276
2019-09-24,-0.4124
2019-09-23,-0.3883
2019-09-20,-0.5468
2019-09-19,-0.8127
2019-09-18,-1.1375
2019-09-17,-1.3907
2019-09-16,-1.6027
2019-09-13,-1.6949
2019-09-12,-1.6729
2019-09-11,-1.5873
2019-09-10,-1.2066
2019-09-09,-0.6567
2019-09-06,-0.0943
2019-09-05,0.1427
2019-09-04,0.1992
2019-09-03,0.1936
2019-08-30,0.2584
2019-08-29,0.2750
2019-08-28,0.2204
2019-08-27,0.1621
2019-08-26,0.0599
2019-08-23,-0.0241
2019-08-22,-0.1118
2019-08-21,-0.3340
2019-08-20,-0.5820
2019-08-19,-0.6926
2019-08-16,-0.7255
2019-08-15,-0.6747
2019-08-14,-0.5538
2019-08-13,-0.5285
2019-08-12,-0.7589
2019-08-09,-1.0318
2019-08-08,-1.3581
2019-08-07,-1.5164
2019-08-06,-1.3423
2019-08-05,-1.0686
2019-08-02,-0.6901
2019-08-01,-0.4813
2019-07-31,-0.3039
2019-07-30,-0.0854
2019-07-29,0.1573
2019-07-26,0.3362
2019-07-25,0.2880
2019-07-24,0.2850
2019-07-23,0.2850
2019-07-22,0.3191
2019-07-19,0.2968
2019-07-18,0.3090
2019-07-17,0.3043
2019-07-16,0.3176
2019-07-15,0.4091
2019-07-12,0.4352
2019-07-11,0.5187
2019-07-10,0.4867
2019-07-09,0.3465
2019-07-08,0.1343
2019-07-05,-0.1041
2019-07-03,-0.2506
2019-07-02,-0.3748
2019-07-01,-0.4436
2019-06-28,-0.4669
2019-06-27,-0.4291
2019-06-26,-0.3207
2019-06-25,-0.0345
2019-06-24,0.2896
2019-06-21,0.5157
2019-06-20,0.5555
2019-06-19,0.4892
2019-06-18,0.4327
2019-06-17,0.5113
2019-06-14,0.6543
2019-06-13,0.8105
2019-06-12,0.9045
2019-06-11,0.8865
2019-06-10,0.8107
2019-06-07,0.4968
2019-06-06,0.0451
2019-06-05,-0.3535
2019-06-04,-0.6415
2019-06-03,-0.6304
2019-05-31,-0.4910
2019-05-30,-0.4718
2019-05-29,-0.2422
2019-05-28,-0.0248
2019-05-24,0.1412
2019-05-23,0.3350
2019-05-22,0.5581
2019-05-21,0.6347
2019-05-20,0.6713
2019-05-17,0.6075
2019-05-16,0.3410
2019-05-15,-0.0234
2019-05-14,-0.1703
2019-05-13,-0.1180
2019-05-10,0.1238
2019-05-09,0.0485
2019-05-08,0.0194
2019-05-07,0.0685
2019-05-06,0.2014
2019-05-03,0.3110
2019-05-02,0.4835
2019-05-01,0.6660
2019-04-30,0.8850
2019-04-29,0.7813
2019-04-26,0.6280
2019-04-25,0.4364
2019-04-24,0.2655
2019-04-23,0.1097
2019-04-22,-0.0481
2019-04-18,-0.1313
2019-04-17,-0.0277
2019-04-16,0.0186
2019-04-15,-0.0781
2019-04-12,-0.2228
2019-04-11,-0.3505
2019-04-10,-0.4837
2019-04-09,-0.5668
2019-04-08,-0.5190
2019-04-05,-0.3883
2019-04-04,-0.2092
2019-04-03,-0.0379
2019-04-02,-0.0711
2019-04-01,-0.0911
2019-03-29,-0.0186
2019-03-28,0.0868
2019-03-27,0.3556
2019-03-26,0.6181
2019-03-25,0.7409
2019-03-22,0.8856
2019-03-21,1.0393
2019-03-20,0.9925
2019-03-19,1.0637
2019-03-18,1.0949
2019-03-15,1.0744
2019-03-14,0.9342
2019-03-13,0.6643
2019-03-12,0.3901
2019-03-11,0.0968
2019-03-08,-0.0628
2019-03-07,-0.0038
2019-03-06,0.1689
2019-03-05,0.4361
2019-03-04,0.7166
2019-03-01,0.9035
2019-02-28,0.7880
2019-02-27,0.6803
2019-02-26,0.6008
2019-02-25,0.5314
2019-02-22,0.3535
2019-02-21,0.1888
2019-02-20,0.0688
2019-02-19,-0.1518
2019-02-15,-0.1561
2019-02-14,0.1326
2019-02-13,0.4990
2019-02-12,0.8707
2019-02-11,0.9371
2019-02-08,0.9785
2019-02-07,1.0757
2019-02-06,1.2957
2019-02-05,1.3190
2019-02-04,1.2030
2019-02-01,0.9633
2019-01-31,0.6262
2019-01-30,0.3387
2019-01-29,0.3731
2019-01-28,0.5794
2019-01-25,0.6649
2019-01-24,0.6966
2019-01-23,0.8621
2019-01-22,1.0901
2019-01-18,1.2868
2019-01-17,1.2160
2019-01-16,1.2392
2019-01-15,1.3012
2019-01-14,1.3160
2019-01-11,1.4012
2019-01-10,1.4535
2019-01-09,1.4015
2019-01-08,1.1448
2019-01-07,0.6499
2019-01-04,0.1367
2019-01-03,0.0255
2019-01-02,0.1490
2018-12-31,-0.1148
2018-12-28,-0.5901
2018-12-27,-1.0342
2018-12-26,-1.5435
2018-12-24,-1.7871
2018-12-21,-1.4421
2018-12-20,-0.9848
2018-12-19,-0.5994
2018-12-18,-0.2910
2018-12-17,0.1371
2018-12-14,0.5112
2018-12-13,0.6808
2018-12-12,0.6337
2018-12-11,0.5790
2018-12-10,0.7314
2018-12-07,0.9784
2018-12-06,1.2975
2018-12-04,1.3324
2018-12-03,1.5278
2018-11-30,1.3109
2018-11-29,0.9689
2018-11-28,0.5327
2018-11-27,0.0091
2018-11-26,-0.3675
2018-11-23,-0.7161
2018-11-21,-0.5926
2018-11-20,-0.0961
2018-11-19,0.6226
2018-11-16,1.3009
2018-11-15,1.4394
2018-11-14,1.6425
2018-11-13,2.1849
2018-11-12,2.6893
2018-11-09,3.0512
2018-11-08,2.5956
2018-11-07,1.7164
2018-11-06,0.6035
2018-11-05,0.7831
2018-11-02,0.7969
2018-11-01,0.4642
2018-10-31,-0.1764
2018-10-30,-0.8002
2018-10-29,-1.1092
2018-10-26,-1.1736
2018-10-25,-1.1840
2018-10-24,-1.1643
2018-10-23,-0.9435
2018-10-22,-0.9355
2018-10-19,-0.7927
2018-10-18,-0.5048
2018-10-17,-0.5290
2018-10-16,-0.7559
2018-10-15,-1.1529
2018-10-12,-1.5625
2018-10-11,-1.7869
2018-10-10,-1.5953
2018-10-09,-1.2689
2018-10-08,-1.1180
2018-10-05,-0.8623
2018-10-04,-0.6292
2018-10-03,-0.3882
2018-10-02,-0.1802
2018-10-01,0.1070
2018-09-28,0.1941
2018-09-27,0.1575
2018-09-26,0.1331
2018-09-25,0.1085
2018-09-24,-0.0162
2018-09-21,0.0758
2018-09-20,0.1738
2018-09-19,0.2703
2018-09-18,0.4628
2018-09-17,0.5505
2018-09-14,0.6394
2018-09-13,0.5745
2018-09-12,0.5654
2018-09-11,0.5284
2018-09-10,0.4571
2018-09-07,0.4462
2018-09-06,0.5591
2018-09-05,0.7402
2018-09-04,0.7739
2018-08-31,0.5584
2018-08-30,0.6566
2018-08-29,0.7753
2018-08-28,0.8323
2018-08-27,0.8916
2018-08-24,0.8868
2018-08-23,0.7996
2018-08-22,0.7726
2018-08-21,0.9847
2018-08-20,1.2257
2018-08-17,1.3591
2018-08-16,1.5589
2018-08-15,1.8920
2018-08-14,2.2655
2018-08-13,2.4787
2018-08-10,2.6451
2018-08-09,2.3226
2018-08-08,1.6569
2018-08-07,0.8998
2018-08-06,-0.0224
2018-08-03,-0.2800
2018-08-02,-0.4874
2018-08-01,-0.6407
2018-07-31,-0.4957
2018-07-30,-0.1446
2018-07-27,0.2608
2018-07-26,0.5019
2018-07-25,0.5463
2018-07-24,0.6182
2018-07-23,0.8145
2018-07-20,0.9088
2018-07-19,1.0596
2018-07-18,1.1225
2018-07-17,1.0095
2018-07-16,0.7799
2018-07-13,0.7283
2018-07-12,0.5977
2018-07-11,0.4136
2018-07-10,0.3511
2018-07-09,0.2230
2018-07-06,0.0239
2018-07-05,-0.1882
2018-07-03,-0.3256
2018-07-02,-0.4400
2018-06-29,-0.6001
2018-06-28,-0.6831
2018-06-27,-0.6915
2018-06-26,-0.5658
2018-06-25,-0.5071
2018-06-22,-0.1543
2018-06-21,0.2274
2018-06-20,0.5228
2018-06-19,0.6540
2018-06-18,0.7229
2018-06-15,0.6605
2018-06-14,0.6969
2018-06-13,0.7618
2018-06-12,0.7453
2018-06-11,0.6905
2018-06-08,0.7473
2018-06-07,0.8073
2018-06-06,0.9096
2018-06-05,0.7844
2018-06-04,0.6543
2018-06-01,0.4423
2018-05-31,0.2286
2018-05-30,0.2629
2018-05-29,0.3112
2018-05-25,0.4119
2018-05-24,0.6278
2018-05-23,0.9257
2018-05-22,1.3098
2018-05-21,1.5897
2018-05-18,1.7620
2018-05-17,1.9470
2018-05-16,2.2251
2018-05-15,2.4645
2018-05-14,2.6496
2018-05-11,2.6510
2018-05-10,2.2095
2018-05-09,1.3612
2018-05-08,0.6730
2018-05-07,0.6526
2018-05-04,0.6236
2018-05-03,0.5999
2018-05-02,0.5196
2018-05-01,0.4618
2018-04-30,0.4521
2018-04-27,0.4701
2018-04-26,0.5208
2018-04-25,0.5249
2018-04-24,0.6653
2018-04-23,0.8666
2018-04-20,0.9701
2018-04-19,1.0041
2018-04-18,0.8365
2018-04-17,0.5560
2018-04-16,0.3364
2018-04-13,0.2146
2018-04-12,0.0331
2018-04-11,-0.2597
2018-04-10,-0.5061
2018-04-09,-0.6555
2018-04-06,-0.6636
2018-04-05,-0.7018
2018-04-04,-0.8311
2018-04-03,-0.9075
2018-04-02,-0.7834
2018-03-29,-0.5043
2018-03-28,-0.2382
2018-03-27,0.1718
2018-03-26,0.4532
2018-03-23,0.4712
2018-03-22,0.6754
2018-03-21,0.7206
2018-03-20,0.8140
2018-03-19,0.9715
2018-03-16,1.1815
2018-03-15,1.3165
2018-03-14,1.4609
2018-03-13,1.6017
2018-03-12,1.8041
2018-03-09,1.8222
2018-03-08,1.9488
2018-03-07,2.0527
2018-03-06,2.0084
2018-03-05,1.9299
2018-03-02,1.7525
2018-03-01,1.6533
2018-02-28,1.8298
2018-02-27,2.0830
2018-02-26,2.2884
2018-02-23,2.5449
2018-02-22,2.8226
2018-02-21,3.1176
2018-02-20,3.0890
2018-02-16,2.6959
2018-02-15,1.8681
2018-02-14,0.8216
2018-02-13,-0.1470
2018-02-12,-0.5474
2018-02-09,-0.8241
2018-02-08,-0.8436
2018-02-07,-0.7073
2018-02-06,-0.5575
2018-02-05,-0.3557
2018-02-02,-0.0829
2018-02-01,0.0572
2018-01-31,0.1465
2018-01-30,0.2359
2018-01-29,0.3517
2018-01-26,0.4163
2018-01-25,0.4336
2018-01-24,0.3954
2018-01-23,0.2534
2018-01-22,0.1277
2018-01-19,0.0649
2018-01-18,0.0963
2018-01-17,0.1675
2018-01-16,0.3090
2018-01-12,0.4471
2018-01-11,0.4543
2018-01-10,0.4782
2018-01-09,0.5320
2018-01-08,0.5050
2018-01-05,0.3510
2018-01-04,0.1814
2018-01-03,-0.0504
2018-01-02,-0.3045
2017-12-29,-0.4140
2017-12-28,-0.2803
2017-12-27,-0.2448
2017-12-26,-0.2149
2017-12-22,-0.1944
2017-12-21,-0.1454
2017-12-20,-0.0221
2017-12-19,-0.0114
2017-12-18,-0.0160
2017-12-15,-0.1086
2017-12-14,-0.2257
2017-12-13,-0.3470
2017-12-12,-0.5084
2017-12-11,-0.6303
2017-12-08,-0.6719
2017-12-07,-0.6420
2017-12-06,-0.5180
2017-12-05,-0.2323
2017-12-04,-0.0556
2017-12-01,0.0125
2017-11-30,-0.0087
2017-11-29,-0.1395
2017-11-28,-0.2451
2017-11-27,-0.3959
2017-11-24,-0.5089
2017-11-22,-0.7281
2017-11-21,-0.9570
2017-11-20,-1.1875
2017-11-17,-1.4453
2017-11-16,-1.6493
2017-11-15,-1.8501
2017-11-14,-1.8839
2017-11-13,-1.8983
2017-11-10,-1.8219
2017-11-09,-1.4815
2017-11-08,-1.0808
2017-11-07,-0.8046
2017-11-06,-0.5327
2017-11-03,-0.3747
2017-11-02,-0.2039
2017-11-01,-0.0393
2017-10-31,-0.0236
2017-10-30,-0.0687
2017-10-27,-0.1098
2017-10-26,-0.1376
2017-10-25,-0.0672
2017-10-24,0.0210
2017-10-23,0.0373
2017-10-20,0.0457
2017-10-19,0.0050
2017-10-18,0.1420
2017-10-17,0.2975
2017-10-16,0.4635
2017-10-13,0.6061
2017-10-12,0.6790
2017-10-11,0.7831
2017-10-10,0.8016
2017-10-09,0.8373
2017-10-06,0.7827
2017-10-05,0.6210
2017-10-04,0.3956
2017-10-03,0.1612
2017-10-02,-0.1720
2017-09-29,-0.4393
2017-09-28,-0.5683
2017-09-27,-0.6015
2017-09-26,-0.4270
2017-09-25,0.0018
2017-09-22,0.2067
2017-09-21,0.2741
2017-09-20,0.4011
2017-09-19,0.5163
2017-09-18,0.5423
2017-09-15,0.5287
2017-09-14,0.5046
2017-09-13,0.4259
2017-09-12,0.3655
2017-09-11,0.2988
2017-09-08,0.1509
2017-09-07,0.0778
2017-09-06,-0.0345
2017-09-05,-0.1875
2017-09-01,-0.2844
2017-08-31,-0.3578
2017-08-30,-0.4885
2017-08-29,-0.6081
2017-08-28,-0.6702
2017-08-25,-0.6614
2017-08-24,-0.6687
2017-08-23,-0.6622
2017-08-22,-0.5368
2017-08-21,-0.3367
2017-08-18,-0.0905
2017-08-17,0.1237
2017-08-16,0.3159
2017-08-15,0.4451
2017-08-14,0.5869
2017-08-11,0.6761
2017-08-10,0.7499
2017-08-09,0.7796
2017-08-08,0.2633
2017-08-07,-0.3897
2017-08-04,-0.6495
2017-08-03,-0.6927
2017-08-02,-0.6020
2017-08-01,-0.3718
2017-07-31,-0.1234
2017-07-28,0.1707
2017-07-27,0.4226
2017-07-26,0.6331
2017-07-25,0.6645
2017-07-24,0.6994
2017-07-21,0.7605
2017-07-20,0.7739
2017-07-19,0.6854
2017-07-18,0.4869
2017-07-17,0.3711
2017-07-14,0.2384
2017-07-13,0.2331
2017-07-12,0.1652
2017-07-11,0.0839
2017-07-10,0.0415
2017-07-07,0.1177
2017-07-06,0.2851
2017-07-05,0.4898
2017-07-03,0.6214
2017-06-30,0.7844
2017-06-29,0.9433
2017-06-28,1.1087
2017-06-27,1.2181
2017-06-26,1.4145
2017-06-23,1.4688
2017-06-22,1.3308
2017-06-21,1.2350
2017-06-20,1.0946
2017-06-19,0.8918
2017-06-16,0.5003
2017-06-15,0.2866
2017-06-14,0.1885
2017-06-13,0.0961
2017-06-12,0.0590
2017-06-09,0.1437
2017-06-08,0.2120
2017-06-07,0.1165
2017-06-06,0.0060
2017-06-05,-0.1634
2017-06-02,-0.2372
2017-06-01,-0.2417
2017-05-31,-0.0895
2017-05-30,0.0797
2017-05-26,0.2284
2017-05-25,0.2814
2017-05-24,0.2475
2017-05-23,-0.0202
2017-05-22,-0.2799
2017-05-19,-0.5339
2017-05-18,-0.8828
2017-05-17,-1.2182
2017-05-16,-1.7159
2017-05-15,-2.2685
2017-05-12,-2.7285
2017-05-11,-3.0573
2017-05-10,-3.1538
2017-05-09,-3.0559
2017-05-08,-2.6657
2017-05-05,-2.0336
2017-05-04,-1.0803
2017-05-03,0.0497
2017-05-02,1.1275
2017-05-01,1.0773
2017-04-28,0.9185
2017-04-27,0.8665
2017-04-26,0.8052
2017-04-25,0.7995
2017-04-24,0.8490
2017-04-21,1.0208
2017-04-20,1.1437
2017-04-19,1.0692
2017-04-18,0.8888
2017-04-17,0.7162
2017-04-13,0.4272
2017-04-12,0.1017
2017-04-11,-0.2238
2017-04-10,-0.5703
2017-04-07,-0.8089
2017-04-06,-0.9404
2017-04-05,-0.8363
2017-04-04,-0.6752
2017-04-03,-0.5545
2017-03-31,-0.6039
2017-03-30,-0.6502
2017-03-29,-0.6450
2017-03-28,-0.6530
2017-03-27,-0.7085
2017-03-24,-0.7532
2017-03-23,-0.6646
2017-03-22,-0.4727
2017-03-21,-0.2311
2017-03-20,-0.0355
2017-03-17,-0.0202
2017-03-16,0.0080
2017-03-15,-0.0152
2017-03-14,-0.0388
2017-03-13,-0.0892
2017-03-10,-0.2814
2017-03-09,-0.3977
2017-03-08,-0.5262
2017-03-07,-0.5997
2017-03-06,-0.5856
2017-03-03,-0.4957
2017-03-02,-0.2413
2017-03-01,-0.1265
2017-02-28,-0.1386
2017-02-27,-0.0860
2017-02-24,-0.1093
2017-02-23,-0.0250
2017-02-22,0.1899
2017-02-21,0.4283
2017-02-17,0.7502
2017-02-16,1.0450
2017-02-15,1.2252
2017-02-14,1.3071
2017-02-13,1.2366
2017-02-10,0.9769
2017-02-09,1.0033
2017-02-08,0.8930
2017-02-07,0.9114
2017-02-06,0.8924
2017-02-03,0.6761
2017-02-02,0.4758
2017-02-01,0.4091
2017-01-31,0.3670
2017-01-30,0.4785
2017-01-27,0.5239
2017-01-26,0.4433
2017-01-25,0.2648
2017-01-24,0.1543
2017-01-23,0.0506
2017-01-20,-0.0610
2017-01-19,-0.1971
2017-01-18,-0.3577
2017-01-17,-0.4076
2017-01-13,-0.5142
2017-01-12,-0.6546
2017-01-11,-0.8032
2017-01-10,-0.9661
2017-01-09,-1.1109
2017-01-06,-1.2522
2017-01-05,-1.2689
2017-01-04,-1.1992
2017-01-03,-0.8579
2016-12-30,-0.2679
2016-12-29,0.1615
2016-12-28,0.5974
2016-12-27,0.8585
2016-12-23,0.7397
2016-12-22,0.5321
2016-12-21,0.1479
2016-12-20,-0.6259
2016-12-19,-0.8256
2016-12-16,-0.9365
2016-12-15,-1.0692
2016-12-14,-1.2331
2016-12-13,-1.3325
2016-12-12,-1.3372
2016-12-09,-1.2707
2016-12-08,-1.1882
2016-12-07,-1.2182
2016-12-06,-1.2608
2016-12-05,-1.2946
2016-12-02,-1.0164
2016-12-01,-0.5838
2016-11-30,-0.2301
2016-11-29,0.0235
2016-11-28,0.4240
2016-11-25,0.8655
2016-11-23,1.1885
2016-11-22,1.3606
2016-11-21,1.2273
2016-11-18,0.9911
2016-11-17,0.5687
2016-11-16,0.0682
2016-11-15,-0.7965
2016-11-14,-1.4212
2016-11-11,-1.7033
2016-11-10,-2.0193
2016-11-09,-2.3251
2016-11-08,-2.6025
2016-11-07,-2.7269
2016-11-04,-2.6766
2016-11-03,-2.6602
2016-11-02,-2.6990
2016-11-01,-2.8323
2016-10-31,-2.9798
2016-10-28,-2.8657
2016-10-27,-2.7793
2016-10-26,-2.7662
2016-10-25,-2.7830
2016-10-24,-2.6568
2016-10-21,-2.5951
2016-10-20,-2.5311
2016-10-19,-2.6773
2016-10-18,-2.9281
2016-10-17,-3.0743
2016-10-14,-2.8235
2016-10-13,-2.4861
2016-10-12,-2.0500
2016-10-11,-1.6344
2016-10-10,-1.1082
2016-10-07,-0.4826
2016-10-06,-0.2378
2016-10-05,0.1359
2016-10-04,0.6172
2016-10-03,1.2135
2016-09-30,1.6318
2016-09-29,2.0261
2016-09-28,2.0305
2016-09-27,1.8679
2016-09-26,1.6310
2016-09-23,1.4782
2016-09-22,1.1143
2016-09-21,0.5383
2016-09-20,0.1233
2016-09-19,-0.0218
2016-09-16,-0.2224
2016-09-15,-0.3210
2016-09-14,-0.1399
2016-09-13,0.1732
2016-09-12,0.4469
2016-09-09,0.5552
2016-09-08,0.6777
2016-09-07,0.6479
2016-09-06,0.5456
2016-09-02,0.1841
2016-09-01,-0.0703
2016-08-31,-0.0740
2016-08-30,0.0149
2016-08-29,0.1549
2016-08-26,0.3891
2016-08-25,0.7622
2016-08-24,1.4329
2016-08-23,2.0642
2016-08-22,2.5470
2016-08-19,2.9330
2016-08-18,3.6393
2016-08-17,4.2013
2016-08-16,4.0222
2016-08-15,3.2968
2016-08-12,2.2171
2016-08-11,1.3174
2016-08-10,0.7061
2016-08-09,0.4447
2016-08-08,0.1368
2016-08-05,-0.1859
2016-08-04,-0.4144
2016-08-03,-0.4656
2016-08-02,-0.2092
2016-08-01,0.1807
2016-07-29,0.4687
2016-07-28,0.6086
2016-07-27,0.5789
2016-07-26,0.5584
2016-07-25,0.7825
2016-07-22,1.0333
2016-07-21,1.3657
2016-07-20,1.8327
2016-07-19,2.2828
2016-07-18,3.0543
2016-07-15,3.5833
2016-07-14,3.8422
2016-07-13,4.1646
2016-07-12,4.5154
2016-07-11,5.5515
2016-07-08,7.0877
2016-07-07,9.3264
2016-07-06,12.0009
2016-07-05,15.3839
2016-07-01,21.0083
2016-06-30,28.8167
2016-06-29,38.7519
2016-06-28,53.1335
2016-06-27,86.6951
2016-06-24,191.1716
2016-06-23,106625.9209
2013-12-10,0.0000
2013-12-09,0.0000
2013-12-06,0.0000
2013-12-05,0.0000
2013-12-04,0.0000
2013-12-03,0.0000
2013-12-02,0.0000
2013-11-29,0.0000
2013-11-27,0.0000
2013-11-26,0.0000
2013-11-25,0.0000
2013-11-22,0.0000
2013-11-21,0.0000
2013-11-20,0.0000
2013-11-19,0.0000
2013-11-18,0.0000
2013-11-15,0.0000
2013-11-14,0.0000
2013-11-13,0.0000
2013-11-12,0.0000
2013-11-11,0.0000
2013-11-08,0.0000
2013-11-07,0.0000
2013-11-06,0.0000
2013-11-05,0.0000
2013-11-04,0.0000
2013-11-01,0.0000
2013-10-31,0.0000
2013-10-30,0.0000
2013-10-29,0.0000
2013-10-28,0.0000
2013-10-25,0.0000
2013-10-24,0.0000
2013-10-23,0.0000
2013-10-22,0.0000
2013-10-21,0.0000
2013-10-18,0.0000
2013-10-17,0.0000
2013-10-16,0.0000
2013-10-15,0.0000
2013-10-14,0.0000
2013-10-11,0.0000
2013-10-10,0.0000
2013-10-09,0.0000
2013-10-08,0.0000
2013-10-07,0.0000
2013-10-04,0.0000
2013-10-03,0.0000
2013-10-02,0.0000
2013-10-01,0.0000
2013-09-30,0.0000
2013-09-27,0.0000
2013-09-26,0.0000
2013-09-25,0.0000
2013-09-24,0.0000
2013-09-23,0.0000
2013-09-20,0.0000
2013-09-19,0.0000
2013-09-18,0.0000
2013-09-17,0.0000
2013-09-16,0.0000
2013-09-13,0.0000
2013-09-12,0.0000
2013-09-11,0.0000
2013-09-10,0.0000
2013-09-09,0.0000
2013-09-06,0.0000
2013-09-05,0.0000
2013-09-04,0.0000
2013-09-03,0.0000
2013-08-30,0.0000
2013-08-29,0.0000
2013-08-28,0.0000
2013-08-27,0.0000
2013-08-26,0.0000
2013-08-23,0.0000
2013-08-22,0.0000
2013-08-21,0.0000
2013-08-20,0.0000
2013-08-19,0.0000
2013-08-16,0.0000
2013-08-15,0.0000
2013-08-14,0.0000
2013-08-13,0.0000
2013-08-12,0.0000
2013-08-09,0.0000
2013-08-08,0.0000
2013-08-07,0.0000
2013-08-06,0.0000
2013-08-05,0.0000
2013-08-02,0.0000
2013-08-01,0.0000
2013-07-31,0.0000
2013-07-30,0.0000
2013-07-29,0.0000
2013-07-26,0.0000
2013-07-25,0.0000
2013-07-24,0.0000
2013-07-23,0.0000
2013-07-22,0.0000
2013-07-19,0.0000
2013-07-18,0.0000
2013-07-17,0.0000
2013-07-16,0.0000
2013-07-15,0.0000
2013-07-12,0.0000
2013-07-11,0.0000
2013-07-10,0.0000
2013-07-09,0.0000
2013-07-08,0.0000
2013-07-05,0.0000
2013-07-03,0.0000
2013-07-02,0.0000
2013-07-01,0.0000
2013-06-28,0.0000
2013-06-27,0.0000
2013-06-26,0.0000
2013-06-25,0.0000
2013-06-24,0.0000
2013-06-21,0.0000
2013-06-20,0.0000
2013-06-19,0.0000
2013-06-18,0.0000
2013-06-17,0.0000
2013-06-14,0.0000
2013-06-13,0.0000
2013-06-12,0.0000
2013-06-11,0.0000
2013-06-10,0.0000
2013-06-07,0.0000
2013-06-06,0.0000
2013-06-05,0.0000
2013-06-04,0.0000
2013-06-03,0.0000
2013-05-31,0.0000
2013-05-30,0.0000
2013-05-29,0.0000
2013-05-28,0.0000
2013-05-24,0.0000
2013-05-23,0.0000
2013-05-22,0.0000
2013-05-21,0.0000
2013-05-20,0.0000
2013-05-17,0.0000
2013-05-16,0.0000
2013-05-15,0.0000
2013-05-14,0.0000
2013-05-13,0.0000
2013-05-10,0.0000
2013-05-09,0.0000
2013-05-08,0.0000
2013-05-07,0.0000
2013-05-06,0.0000
2013-05-03,0.0000
2013-05-02,0.0000
2013-05-01,0.0000
2013-04-30,0.0000
2013-04-29,0.0000
2013-04-26,0.0000
2013-04-25,0.0000
2013-04-24,0.0000
2013-04-23,0.0000
2013-04-22,0.0000
2013-04-19,0.0000
2013-04-18,0.0000
2013-04-17,0.0000
2013-04-16,0.0000
2013-04-15,0.0000
2013-04-12,0.0000
2013-04-11,0.0000
2013-04-10,0.0000
2013-04-09,0.0000
2013-04-08,0.0000
2013-04-05,0.0000
2013-04-04,0.0000
2013-04-03,0.0000
2013-04-02,0.0000
2013-04-01,0.0000
2013-03-28,0.0000
2013-03-27,0.0000
2013-03-26,0.0000
2013-03-25,0.0000
2013-03-22,0.0000
2013-03-21,0.0000
2013-03-20,0.0000
2013-03-19,0.0000
2013-03-18,0.0000
2013-03-15,0.0000
2013-03-14,0.0000
2013-03-13,0.0000
2013-03-12,0.0000
2013-03-11,0.0000
2013-03-08,0.0000
2013-03-07,0.0000
2013-03-06,0.0000
2013-03-05,0.0000
2013-03-04,0.0000
2013-03-01,0.0000
2013-02-28,0.0000
2013-02-27,0.0000
2013-02-26,0.0000
2013-02-25,0.0000
2013-02-22,0.0000
2013-02-21,0.0000
2013-02-20,0.0000
2013-02-19,0.0000
2013-02-15,0.0000
2013-02-14,0.0000
2013-02-13,0.0000
2013-02-12,0.0000
2013-02-11,0.0000
2013-02-08,0.0000
2013-02-07,0.0000
2013-02-06,0.0000
2013-02-05,0.0000
2013-02-04,0.0000
2013-02-01,0.0000
2013-01-31,0.0000
2013-01-30,0.0000
2013-01-29,0.0000
2013-01-28,0.0000
2013-01-25,0.0000
2013-01-24,0.0000
2013-01-23,0.0000
2013-01-22,0.0000
2013-01-18,0.0000
2013-01-17,0.0000
2013-01-16,0.0000
2013-01-15,0.0000
2013-01-14,0.0000
2013-01-11,0.0000
2013-01-10,0.0000
2013-01-09,0.0000
2013-01-08,0.0000
2013-01-07,0.0000
2013-01-04,0.0000
2013-01-03,0.0000
2013-01-02,0.0000
2012-12-31,0.0000
2012-12-28,0.0000
2012-12-27,0.0000
2012-12-26,0.0000
2012-12-24,0.0000
2012-12-21,0.0000
2012-12-20,0.0000
2012-12-19,0.0000
2012-12-18,0.0000
2012-12-17,0.0000
2012-12-14,0.0000
2012-12-13,0.0000
2012-12-12,0.0000
2012-12-11,0.0000
2012-12-10,0.0000
2012-12-07,0.0000
2012-12-06,0.0000
2012-12-05,0.0000
2012-12-04,0.0000
2012-12-03,0.0000
2012-11-30,0.0000
2012-11-29,0.0000
2012-11-28,0.0000
2012-11-27,0.0000
2012-11-26,0.0000
2012-11-23,0.0000
2012-11-21,0.0000
2012-11-20,0.0000
2012-11-19,0.0000
2012-11-16,0.0000
2012-11-15,0.0000
2012-11-14,0.0000
2012-11-13,0.0000
2012-11-12,0.0000
2012-11-09,0.0000
2012-11-08,0.0000
2012-11-07,0.0000
2012-11-06,0.0000
2012-11-05,0.0000
2012-11-02,0.0000
2012-11-01,0.0000
2012-10-31,0.0000
2012-10-26,0.0000
2012-10-25,0.0000
2012-10-24,0.0000
2012-10-23,0.0000
2012-10-22,0.0000
2012-10-19,0.0000
2012-10-18,0.0000
2012-10-17,0.0000
2012-10-16,0.0000
2012-10-15,0.0000
2012-10-12,0.0000
2012-10-11,0.0000
2012-10-10,0.0000
2012-10-09,0.0000
2012-10-08,0.0000
2012-10-05,0.0000
2012-10-04,0.0000
2012-10-03,0.0000
2012-10-02,0.0000
2012-10-01,0.0000
2012-09-28,0.0000
2012-09-27,0.0000
2012-09-26,0.0000
2012-09-25,0.0000
2012-09-24,0.0000
2012-09-21,0.0000
2012-09-20,0.0000
2012-09-19,0.0000
2012-09-18,0.0000
2012-09-17,0.0000
2012-09-14,0.0000
2012-09-13,0.0000
2012-09-12,0.0000
2012-09-11,0.0000
2012-09-10,0.0000
2012-09-07,0.0000
2012-09-06,0.0000
2012-09-05,0.0000
2012-09-04,0.0000
2012-08-31,0.0000
2012-08-30,0.0000
2012-08-29,0.0000
2012-08-28,0.0000
2012-08-27,0.0000
2012-08-24,0.0000
2012-08-23,0.0000
2012-08-22,0.0000
2012-08-21,0.0000
2012-08-20,0.0000
2012-08-17,0.0000
2012-08-16,0.0000
2012-08-15,0.0000
2012-08-14,0.0000
2012-08-13,0.0000
2012-08-10,0.0000
2012-08-09,0.0000
2012-08-08,0.0000
2012-08-07,0.0000
2012-08-06,0.0000
2012-08-03,0.0000
2012-08-02,0.0000
2012-08-01,0.0000
2012-07-31,0.0000
2012-07-30,0.0000
2012-07-27,0.0000
2012-07-26,0.0000
2012-07-25,0.0000
2012-07-24,-0.0000
2012-07-23,-0.0000
2012-07-20,-0.0000
2012-07-19,-0.0000
2012-07-18,-0.0000
2012-07-17,-0.0000
2012-07-16,-0.0000
2012-07-13,-0.0000
2012-07-12,-0.0000
2012-07-11,-0.0000
2012-07-10,-0.0000
2012-07-09,-0.0000
2012-07-06,-0.0000
2012-07-05,-0.0000
2012-07-03,-0.0000
2012-07-02,-0.0000
2012-06-29,-0.0000
2012-06-28,-0.0000
2012-06-27,-0.0000
2012-06-26,-0.0000
2012-06-25,-0.0000
2012-06-22,-0.0000
2012-06-21,-0.0000
2012-06-20,-0.0000
2012-06-19,-0.0000
2012-06-18,-0.0000
2012-06-15,-0.0000
2012-06-14,-0.0000
2012-06-13,-0.0000
2012-06-12,-0.0000
2012-06-11,-0.0000
2012-06-08,-0.0000
2012-06-07,-0.0000
2012-06-06,-0.0000
2012-06-05,-0.0000
2012-06-04,-0.0000
2012-06-01,-0.0000
2012-05-31,-0.0000
2012-05-30,-0.0000
2012-05-29,-0.0000
2012-05-25,-0.0000
2012-05-24,-0.0000
2012-05-23,-0.0000
2012-05-22,-0.0000
2012-05-21,-0.0000
2012-05-18,-0.0000
2012-05-17,-0.0000
2012-05-16,-0.0000
2012-05-15,-0.0000
2012-05-14,-0.0000
2012-05-11,-0.0000
2012-05-10,-0.0000
2012-05-09,-0.0000
2012-05-08,-0.0000
2012-05-07,-0.0000
2012-05-04,-0.0000
2012-05-03,-0.0000
2012-05-02,-0.0000
2012-05-01,-0.0001
2012-04-30,-0.0001
2012-04-27,-0.0001
2012-04-26,-0.0002
2012-04-25,-0.0002
2012-04-24,-0.0003
2012-04-23,-0.0005
2012-04-20,-0.0007
2012-04-19,-0.0010
2012-04-18,-0.0014
2012-04-17,-0.0019
2012-04-16,-0.0027
2012-04-13,-0.0039
2012-04-12,-0.0054
2012-04-11,-0.0076
2012-04-10,-0.0107
2012-04-09,-0.0149
2012-04-05,-0.0208
2012-04-04,-0.0289
2012-04-03,-0.0400
2012-04-02,-0.0552
2012-03-30,-0.0759
2012-03-29,-0.1039
2012-03-28,-0.1415
2012-03-27,-0.1917
2012-03-26,-0.2583
2012-03-23,-0.3457
2012-03-22,-0.4590
2012-03-21,-0.6043
2012-03-20,-0.7876
2012-03-19,-1.0144
2012-03-16,-1.2889
2012-03-15,-1.6119
2012-03-14,-1.9784
2012-03-13,-2.3756
2012-03-12,-2.7794
2012-03-09,-3.1525
2012-03-08,-3.4429
2012-03-07,-3.5853
2012-03-06,-3.5048
2012-03-05,-3.1289
2012-03-02,-2.4137
2012-03-01,-1.4133
2012-02-29,-0.4552
2012-02-28,-0.5433
2012-02-27,-0.6300
2012-02-24,-0.7040
2012-02-23,-0.7490
2012-02-22,-0.7440
2012-02-21,-0.6662
2012-02-17,-0.4991
2012-02-16,-0.2526
2012-02-15,-0.0081
2012-02-14,-0.0113
2012-02-13,-0.0159
2012-02-10,-0.0222
2012-02-09,-0.0309
2012-02-08,-0.0428
2012-02-07,-0.0593
2012-02-06,-0.0817
2012-02-03,-0.1123
2012-02-02,-0.1535
2012-02-01,-0.2089
2012-01-31,-0.2827
2012-01-30,-0.3802
2012-01-27,-0.5076
2012-01-26,-0.6723
2012-01-25,-0.8819
2012-01-24,-1.1443
2012-01-23,-1.4658
2012-01-20,-1.8497
2012-01-19,-2.2938
2012-01-18,-2.7872
2012-01-17,-3.3074
2012-01-13,-3.8173
2012-01-12,-4.2634
2012-01-11,-4.5764
2012-01-10,-4.6735
2012-01-09,-4.4639
2012-01-06,-3.8608
2012-01-05,-2.8114
2012-01-04,-1.3808
2012-01-03,0.0118
2011-12-30,0.0164
2011-12-29,0.0227
2011-12-28,0.0313
2011-12-27,0.0431
2011-12-23,0.0591
2011-12-22,0.0808
2011-12-21,0.1098
2011-12-20,0.1487
2011-12-19,0.2002
2011-12-16,0.2681
2011-12-15,0.3567
2011-12-14,0.4715
2011-12-13,0.6185
2011-12-12,0.8046
2011-12-09,1.0366
2011-12-08,1.3208
2011-12-07,1.6612
2011-12-06,2.0571
2011-12-05,2.4990
2011-12-02,2.9629
2011-12-01,3.4046
2011-11-30,3.7556
2011-11-29,3.9337
2011-11-28,3.8906
2011-11-25,3.7439
2011-11-23,4.8622
2011-11-22,6.2287
2011-11-21,7.8060
2011-11-18,9.4017
2011-11-17,10.4446
2011-10-28,9.5815
2011-09-29,4.4531
2011-09-28,-1.1350
2011-09-27,-1.4104
2011-09-26,-1.7179
2011-09-21,-2.0428
2011-08-15,-2.3597
2011-08-09,-2.6295
2011-08-03,-2.7975
2011-06-27,-2.7940
2011-06-22,-2.5365
2011-06-13,-1.9397
2011-06-08,-0.9427
2011-04-29,0.4136
2011-04-20,1.7697
2011-04-15,2.9373
2011-04-14,4.6079
2011-04-05,6.8683
2011-03-22,9.5891
2011-02-25,11.8042
2011-02-04,10.0763
2011-02-01,8.8539
2010-12-29,7.4184
2010-12-28,7.7219
2010-12-22,1.9861
2010-12-16,0.9135
2010-12-08,-0.3751
2010-11-23,-1.0803
2010-11-15,-1.2493
2010-10-29,-1.5559
2010-10-13,-2.1950
2010-10-11,-3.5357
2010-09-03,-6.1674
2010-08-13,-9.4112
2010-08-05,-9.2791
2010-08-04,-8.6702
2010-08-03,-7.5185
2010-06-14,-5.8033
2010-06-07,-3.6621
2010-04-15,-1.7384
2010-04-13,-2.0316
2010-04-05,-1.3966
2010-03-26,1.5948
2010-03-16,0.7296
2010-03-15,0.9540
2010-03-12,1.7182
2010-03-11,2.7305
2010-03-10,3.8818
2010-02-11,4.7238
2010-02-10,3.9957
2010-02-03,2.8388
2010-01-29,2.1328
2010-01-11,-2.1862
2010-01-08,-1.7459
2010-01-06,-1.2456
2010-01-04,-1.1140
2009-12-31,-0.0408
2009-12-29,0.7721
2009-12-03,-0.0353
2009-11-30,-1.8294
2009-11-20,-4.0758
2009-10-27,-6.1985
2009-09-28,-8.0164
2009-09-17,-9.4565
2009-09-10,-9.8962
2009-09-04,-9.0053
2009-09-03,-7.4975
2009-09-02,-5.3244
2009-09-01,-2.5944
2009-08-31,-0.0028
2009-08-28,-0.0040
2009-08-27,-0.0056
2009-08-26,-0.0078
2009-08-25,-0.0108
2009-08-24,-0.0149
2009-08-21,-0.0206
2009-08-20,-0.0284
2009-08-19,-0.0390
2009-08-18,-0.0532
2009-08-17,-0.0724
2009-08-14,-0.0978
2009-08-13,-0.1314
2009-08-12,-0.1754
2009-08-11,-0.2324
2009-08-10,-0.3051
2009-08-07,-0.3966
2009-08-06,-0.5096
2009-08-05,-0.6459
2009-08-04,-0.8056
2009-08-03,-0.9857
2009-07-31,-1.1784
2009-07-30,-1.3690
2009-07-29,-1.5341
2009-07-28,-1.6393
2009-07-27,-1.6393
2009-07-24,-1.4798
2009-07-23,-1.1069
2009-07-22,-0.4905
2009-07-21,0.3136
2009-07-20,1.0133
2009-07-17,0.7501
2009-07-16,-2.3807
2009-07-15,-6.4853
2009-07-14,-10.5909
2009-07-13,-13.2225
2009-07-07,-12.6239
2009-06-18,-11.2822
2009-06-15,-8.8969
2009-06-12,-5.8295
2009-06-02,-2.5393
2009-05-28,-0.6316
2009-05-08,1.4142
2009-05-07,-0.4854
2009-04-28,1.3410
2009-04-27,-1.1793
2009-04-22,-3.1399
2009-04-20,-2.0448
2009-04-16,-1.7863
2009-04-14,-2.2677
2009-04-03,-0.4342
2009-03-31,0.5403
2009-03-30,2.3854
2009-03-27,3.2313
2009-03-24,4.9566
2009-03-23,8.8552
2009-03-09,11.5050
2009-03-04,13.1729
2009-03-03,14.4408
2009-03-02,15.6293
2009-02-23,13.3799
2009-02-19,10.8224
2009-02-17,9.9468
2009-02-12,7.0825
2009-02-10,10.9369
2009-02-05,15.1553
2009-01-16,15.9060
2009-01-15,7.9543
2009-01-14,0.3890
2009-01-12,-4.7741
2009-01-09,-12.3509
2009-01-08,-17.7838
2008-12-31,-18.7623
2008-12-30,-19.3459
2008-12-29,-19.5090
2008-12-26,-19.2184
2008-12-24,-19.0464
2008-12-23,-18.6773
2008-12-22,-17.8799
2008-12-19,-16.8100
2008-12-15,-15.4743
2008-12-10,-13.9101
2008-12-08,-12.1663
2008-12-05,-10.2323
2008-12-04,-7.2717
2008-12-03,-3.3577
2008-12-02,1.3977
2008-11-26,5.5094
2008-11-19,10.0145
2008-11-18,10.6536
2008-11-17,9.1889
2008-11-12,3.8061
2008-11-04,-0.9849
2008-11-03,-1.2516
2008-10-31,-1.5660
2008-10-30,-1.9238
2008-10-29,-2.3136
2008-10-28,-2.7137
2008-10-27,-3.0907
2008-10-24,-3.3988
2008-10-23,-3.5824
2008-10-22,-3.5832
2008-10-21,-3.3568
2008-10-20,-2.9097
2008-10-17,-2.3837
2008-10-16,-2.2404
2008-10-15,-2.1365
2008-10-14,-2.0897
2008-10-13,-2.4666
2008-10-10,-2.7124
2008-10-09,-2.9602
2008-10-08,-3.3007
2008-10-07,-3.9582
2008-10-06,-4.8176
2008-10-03,-6.0433
2008-10-02,-7.4280
2008-10-01,-8.9297
2008-09-30,-10.4885
2008-09-29,-12.0343
2008-09-26,-13.5003
2008-09-25,-14.8366
2008-09-24,-16.0212
2008-09-23,-16.9078
2008-09-22,-17.4697
2008-09-19,-17.6981
2008-09-18,-17.5945
2008-09-17,-17.1630
2008-09-16,-16.4074
2008-09-15,-15.4403
2008-09-12,-14.1804
2008-09-11,-12.5393
2008-09-10,-10.4991
2008-09-09,-8.2189
2008-09-08,-6.3176
2008-09-05,-5.0182
2008-09-04,-5.1006
2008-09-03,-5.1464
2008-09-02,-4.0198
2008-08-29,-2.7363
2008-08-28,-2.0921
2008-08-27,-1.3815
2008-08-26,-1.7386
2008-08-25,-2.6684
2008-08-22,-3.5691
2008-08-21,-4.0298
2008-08-20,-4.3905
2008-08-19,-4.5825
2008-08-18,-4.5356
2008-08-15,-4.1956
2008-08-14,-3.5622
2008-08-13,-2.5926
2008-08-12,-1.5233
2008-08-11,-1.1408
2008-08-08,-0.8232
2008-08-07,-1.8265
2008-08-06,-2.0366
2008-08-05,-2.4138
2008-08-04,-2.3984
2008-08-01,-2.2471
2008-07-31,-2.0176
2008-07-30,-1.9325
2008-07-29,-1.7857
2008-07-28,-1.7515
2008-07-25,-1.5278
2008-07-24,-1.0528
2008-07-23,-0.2922
2008-07-22,0.6881
2008-07-21,1.5387
2008-07-18,1.5333
2008-07-17,1.2862
2008-07-16,0.6499
2008-07-15,-0.2167
2008-07-14,-0.9827
2008-07-11,-2.1863
2008-07-10,-3.3236
2008-07-09,-3.6843
2008-07-08,-3.5880
2008-07-07,-2.5205
2008-07-03,-1.5686
2008-07-02,-1.8951
2008-07-01,-2.2363
2008-06-30,-2.5676
2008-06-27,-2.8552
2008-06-26,-3.0590
2008-06-25,-3.1413
2008-06-24,-3.0863
2008-06-23,-2.9409
2008-06-20,-2.7988
2008-06-19,-2.9333
2008-06-18,-2.9245
2008-06-17,-2.7623
2008-06-16,-2.2417
2008-06-13,-1.5000
2008-06-12,-0.8158
2008-06-11,-0.1991
2008-06-10,0.0439
2008-06-09,0.1594
2008-06-06,-0.0707
2008-06-05,-0.3322
2008-06-04,-0.4812
2008-06-03,-0.3504
2008-06-02,-0.1718
2008-05-30,-0.0279
2008-05-29,0.1235
2008-05-28,0.2544
2008-05-27,0.3060
2008-05-23,0.3464
2008-05-22,0.3515
2008-05-21,0.2762
2008-05-20,0.0401
2008-05-19,-0.0375
2008-05-16,0.0363
2008-05-15,0.0943
2008-05-14,0.4204
2008-05-13,0.8312
2008-05-12,1.2158
2008-05-09,1.3525
2008-05-08,1.2315
2008-05-07,1.4946
2008-05-06,1.7387
2008-05-05,1.8867
2008-05-02,2.1087
2008-05-01,2.2251
2008-04-30,2.1547
2008-04-29,1.5938
2008-04-28,0.8557
2008-04-25,0.4534
2008-04-24,0.0209
2008-04-23,-0.7269
2008-04-22,-1.4294
2008-04-21,-1.8198
2008-04-18,-1.9073
2008-04-17,-1.8774
2008-04-16,-1.7970
2008-04-15,-1.8109
2008-04-14,-1.7240
2008-04-11,-1.5725
2008-04-10,-1.5107
2008-04-09,-1.4903
2008-04-08,-1.7777
2008-04-07,-2.0942
2008-04-04,-2.4509
2008-04-03,-2.8838
2008-04-02,-3.0851
2008-04-01,-3.1134
2008-03-31,-2.8874
2008-03-28,-2.6202
2008-03-27,-2.3889
2008-03-26,-2.6757
2008-03-25,-2.8755
2008-03-24,-2.9309
2008-03-20,-2.8463
2008-03-19,-2.3556
2008-03-18,-1.4583
2008-03-17,-0.7616
2008-03-14,-0.3063
2008-03-13,0.2487
2008-03-12,0.6272
2008-03-11,0.7243
2008-03-10,0.8021
2008-03-07,0.8372
2008-03-06,0.7993
2008-03-05,0.6563
2008-03-04,0.3910
2008-03-03,0.2355
2008-02-29,0.1174
2008-02-28,-0.1335
2008-02-27,-0.5941
2008-02-26,-0.9822
2008-02-25,-0.8852
2008-02-22,-0.6575
2008-02-21,-0.2862
2008-02-20,0.1783
2008-02-19,0.5239
2008-02-15,0.8209
2008-02-14,0.7444
2008-02-13,0.7380
2008-02-12,0.5504
2008-02-11,0.5424
2008-02-08,0.7657
2008-02-07,0.7104
2008-02-06,0.7273
2008-02-05,1.0758
2008-02-04,0.9622
2008-02-01,0.8912
2008-01-31,0.8146
2008-01-30,1.2713
2008-01-29,1.9079
2008-01-28,2.6756
2008-01-25,2.6302
2008-01-24,2.0349
2008-01-23,1.6948
2008-01-22,1.4647
2008-01-18,1.1181
2008-01-17,0.4989
2008-01-16,-0.3153
2008-01-15,-0.9853
2008-01-14,-0.6603
2008-01-11,-0.2135
2008-01-10,-0.6053
2008-01-09,-0.7161
2008-01-08,0.1225
2008-01-07,0.3616
2008-01-04,0.5910
2008-01-03,0.6252
2008-01-02,1.2532
2007-12-31,2.2294
2007-12-28,3.7005
2007-12-27,5.3746
2007-12-26,6.4810
2007-12-24,7.4847
2007-12-21,8.0151
2007-12-20,7.4020
2007-12-19,6.0582
2007-12-18,5.3575
2007-12-17,5.9039
2007-12-14,5.6877
2007-12-13,4.6768
2007-12-12,2.9887
2007-12-11,1.6590
2007-12-10,1.8654
2007-12-07,-0.1348
2007-12-06,-0.7948
2007-12-05,-1.3820
2007-12-04,-1.6737
2007-12-03,-0.9515
2007-11-30,0.1257
2007-11-29,0.7592
2007-11-28,0.9448
2007-11-27,1.1530
2007-11-26,1.3725
2007-11-23,1.5813
2007-11-21,1.7415
2007-11-20,1.7965
2007-11-19,1.6728
2007-11-16,1.2981
2007-11-15,0.6525
2007-11-14,-0.1267
2007-11-13,-0.5619
2007-11-12,-1.2841
2007-11-09,-2.3954
2007-11-08,-2.3461
2007-11-07,-2.2529
2007-11-06,-2.3205
2007-11-05,-2.4367
2007-11-02,-2.8465
2007-11-01,-3.2207
2007-10-31,-3.5034
2007-10-30,-3.6230
2007-10-29,-3.4948
2007-10-26,-3.0286
2007-10-25,-2.1491
2007-10-24,-0.8515
2007-10-23,-0.6215
2007-10-22,-0.4744
2007-10-19,-0.7952
2007-10-18,-1.2220
2007-10-17,-1.7354
2007-10-16,-2.2565
2007-10-15,-2.5968
2007-10-12,-2.3685
2007-10-11,-1.8667
2007-10-10,-1.0960
2007-10-09,-0.2278
2007-10-08,0.1395
2007-10-05,0.6383
2007-10-04,1.1630
2007-10-03,1.3730
2007-10-02,1.5698
2007-10-01,1.7217
2007-09-28,1.7880
2007-09-27,1.7315
2007-09-26,1.5550
2007-09-25,1.3815
2007-09-24,1.6176
2007-09-21,0.7172
2007-09-20,-0.4797
2007-09-19,-1.4818
2007-09-18,-1.0929
2007-09-17,-0.7450
2007-09-14,-0.9312
2007-09-13,-1.1427
2007-09-12,-1.3720
2007-09-11,-1.6044
2007-09-10,-1.8167
2007-09-07,-1.9758
2007-09-06,-2.0395
2007-09-05,-1.9617
2007-09-04,-1.7057
2007-08-31,-1.2762
2007-08-30,-0.7954
2007-08-29,-0.6666
2007-08-28,-0.8860
2007-08-27,-1.1488
2007-08-24,-1.4408
2007-08-23,-1.7242
2007-08-22,-1.9189
2007-08-21,-1.8715
2007-08-20,-1.2953
2007-08-17,-0.5469
2007-08-16,0.0342
2007-08-15,0.4116
2007-08-14,-0.2331
2007-08-13,-1.1329
2007-08-10,-2.1264
2007-08-09,-2.7666
2007-08-08,-2.7430
2007-08-07,-2.5725
2007-08-06,-3.1008
2007-08-03,-2.6373
2007-08-02,-1.9484
2007-08-01,-1.2864
2007-07-31,-0.6730
2007-07-30,-0.1125
2007-07-27,-0.2748
2007-07-26,-0.5309
2007-07-25,-0.9121
2007-07-24,-1.4465
2007-07-23,-2.1443
2007-07-20,-2.9726
2007-07-19,-3.8167
2007-07-18,-4.4251
2007-07-17,-4.3177
2007-07-16,-4.2343
2007-07-13,-3.5540
2007-07-12,-2.9026
2007-07-11,-2.0380
2007-07-10,-1.3681
2007-07-09,-1.0079
2007-07-06,-1.0737
2007-07-05,-1.5842
2007-07-03,-1.2958
2007-07-02,-0.7600
2007-06-29,0.0232
2007-06-28,0.9021
2007-06-27,1.3306
2007-06-26,1.9326
2007-06-25,2.7605
2007-06-22,3.8645
2007-06-21,5.2617
2007-06-20,6.8442
2007-06-19,8.1312
2007-06-18,9.2590
2007-06-15,9.8759
2007-06-14,7.6756
2007-06-13,3.2524
2007-06-12,1.7566
2007-06-11,0.2146
2007-06-08,0.2776
2007-06-07,0.3425
2007-06-06,0.3915
2007-06-05,0.3856
2007-06-04,0.2483
2007-06-01,-0.1621
2007-05-31,-0.7294
2007-05-30,-1.3474
2007-05-29,-1.7122
2007-05-25,-1.4817
2007-05-24,-0.8894
2007-05-23,0.2686
2007-05-22,1.7733
2007-05-21,3.1689
2007-05-18,2.9470
2007-05-17,2.3001
2007-05-16,1.2802
2007-05-15,1.3227
2007-05-14,1.2728
2007-05-11,1.1321
2007-05-10,0.9873
2007-05-09,1.1257
2007-05-08,1.2217
2007-05-07,1.2320
2007-05-04,1.1014
2007-05-03,0.7743
2007-05-02,0.2292
2007-05-01,-0.4502
2007-04-30,-0.9499
2007-04-27,-1.5313
2007-04-26,-2.0181
2007-04-25,-2.0054
2007-04-24,-0.6337
2007-04-23,0.0066
2007-04-20,0.5551
2007-04-19,1.3152
2007-04-18,2.1918
2007-04-17,2.8071
2007-04-16,3.2475
2007-04-13,4.1629
2007-04-12,5.2066
2007-04-11,6.2452
2007-04-10,6.9158
2007-04-09,6.3960
2007-04-05,4.7563
2007-04-04,2.2410
2007-04-03,0.3812
2007-04-02,-0.1098
2007-03-30,-0.1491
2007-03-29,-0.2015
2007-03-28,-0.2706
2007-03-27,-0.3609
2007-03-26,-0.4775
2007-03-23,-0.6260
2007-03-22,-0.8122
2007-03-21,-1.0410
2007-03-20,-1.3157
2007-03-19,-1.6358
2007-03-16,-1.9955
2007-03-15,-2.3809
2007-03-14,-2.7682
2007-03-13,-3.1226
2007-03-12,-3.3992
2007-03-09,-3.5481
2007-03-08,-3.5265
2007-03-07,-3.3246
2007-03-06,-3.0228
2007-03-05,-2.9109
2007-03-02,-2.7074
2007-03-01,-2.6326
2007-02-28,-3.2503
2007-02-27,-3.0044
2007-02-26,-2.4213
2007-02-23,-1.4677
2007-02-22,-0.2491
2007-02-21,0.7346
2007-02-20,0.9507
2007-02-16,1.2168
2007-02-15,1.5374
2007-02-14,1.9117
2007-02-13,2.3294
2007-02-12,2.7635
2007-02-09,3.1588
2007-02-08,3.4192
2007-02-07,3.3974
2007-02-06,2.9071
2007-02-05,1.7926
2007-02-02,0.1034
2007-02-01,-1.6225
2007-01-31,-1.9899
2007-01-30,-2.3869
2007-01-29,-2.7890
2007-01-26,-3.1578
2007-01-25,-3.4401
2007-01-24,-3.5686
2007-01-23,-3.4660
2007-01-22,-3.0554
2007-01-19,-2.2866
2007-01-18,-1.2036
2007-01-17,-0.1221
2007-01-16,-0.0504
2007-01-12,0.0622
2007-01-11,0.2084
2007-01-10,0.3481
2007-01-09,0.3670
2007-01-08,0.0016
2007-01-05,-0.4007
2007-01-04,-0.5765
2007-01-03,0.1002
2006-12-29,3.0928
2006-12-28,6.1159
2006-12-27,6.0878
2006-12-26,5.3332
2006-12-22,3.9296
2006-12-21,2.2519
2006-12-20,2.1866
2006-12-19,2.3717
2006-12-18,2.3716
2006-12-15,2.0589
2006-12-14,1.3070
2006-12-13,0.0781
2006-12-12,-1.4122
2006-12-11,-2.4605
2006-12-08,-1.4983
2006-12-07,-2.1232
2006-12-06,-2.8739
2006-12-05,-3.6795
2006-12-04,-4.3761
2006-12-01,-4.6495
2006-11-30,-3.9205
2006-11-29,-2.8618
2006-11-28,-1.7850
2006-11-27,-1.4780
2006-11-24,-1.1242
2006-11-22,-0.6120
2006-11-21,-0.1137
2006-11-20,-0.1520
2006-11-17,-0.2016
2006-11-16,-0.2654
2006-11-15,-0.3461
2006-11-14,-0.4466
2006-11-13,-0.5694
2006-11-10,-0.7158
2006-11-09,-0.8856
2006-11-08,-1.0753
2006-11-07,-1.2776
2006-11-06,-1.4806
2006-11-03,-1.6679
2006-11-02,-1.8216
2006-11-01,-1.9299
2006-10-31,-2.0052
2006-10-30,-2.1202
2006-10-27,-2.4774
2006-10-26,-2.1429
2006-10-25,-1.5148
2006-10-24,-0.6250
2006-10-23,0.2706
2006-10-20,0.3552
2006-10-19,0.4619
2006-10-18,0.5940
2006-10-17,0.7543
2006-10-16,0.9430
2006-10-13,1.1560
2006-10-12,1.3820
2006-10-11,1.5967
2006-10-10,1.7569
2006-10-09,1.7921
2006-10-06,1.6004
2006-10-05,1.0545
2006-10-04,0.0387
2006-10-03,-1.4640
2006-10-02,-3.2299
2006-09-29,-4.6228
2006-09-28,-4.3694
2006-09-27,-3.8016
2006-09-26,-2.9956
2006-09-25,-2.2953
2006-09-22,-2.6603
2006-09-21,-2.7136
2006-09-20,-2.0351
2006-09-19,-0.9429
2006-09-18,0.4797
2006-09-15,1.7470
2006-09-14,2.5738
2006-09-13,3.7654
2006-09-12,4.0803
2006-09-11,4.0991
2006-09-08,3.6745
2006-09-07,2.7874
2006-09-06,1.8242
2006-09-05,2.0727
2006-09-01,1.9939
2006-08-31,1.1249
2006-08-30,0.2424
2006-08-29,0.3019
2006-08-28,0.3688
2006-08-25,0.4400
2006-08-24,0.5091
2006-08-23,0.5655
2006-08-22,0.5937
2006-08-21,0.5731
2006-08-18,0.4817
2006-08-17,0.3066
2006-08-16,0.0676
2006-08-15,-0.1346
2006-08-14,-0.0274
2006-08-11,1.0234
2006-08-10,1.0219
2006-08-09,0.8891
2006-08-08,0.5650
2006-08-07,0.0065
2006-08-04,-0.7608
2006-08-03,-1.5506
2006-08-02,-1.8648
2006-08-01,-2.1845
2006-07-31,-2.4782
2006-07-28,-2.7007
2006-07-27,-2.7925
2006-07-26,-2.6825
2006-07-25,-2.2963
2006-07-24,-1.5782
2006-07-21,-0.5493
2006-07-20,0.5393
2006-07-19,0.8362
2006-07-18,1.0013
2006-07-17,0.6629
2006-07-14,0.4637
2006-07-13,1.0192
2006-07-12,0.8348
2006-07-11,0.5852
2006-07-10,0.4567
2006-07-07,0.2040
2006-07-06,-0.1827
2006-07-05,-0.6507
2006-07-03,-1.0099
2006-06-30,-0.7966
2006-06-29,-0.4027
2006-06-28,0.1761
2006-06-27,0.8399
2006-06-26,1.2230
2006-06-23,0.3726
2006-06-22,-0.8086
2006-06-21,-1.9837
2006-06-20,-2.3000
2006-06-19,-2.5813
2006-06-16,-2.7837
2006-06-15,-2.8557
2006-06-14,-2.7473
2006-06-13,-2.4314
2006-06-12,-1.9548
2006-06-09,-1.5505
2006-06-08,-1.8721
2006-06-07,-2.1903
2006-06-06,-2.4571
2006-06-05,-2.5946
2006-06-02,-2.4811
2006-06-01,-1.9250
2006-05-31,-2.5791
2006-05-30,-2.8973
2006-05-26,-3.1402
2006-05-25,-3.2646
2006-05-24,-3.2401
2006-05-23,-3.0804
2006-05-22,-2.9103
2006-05-19,-3.0997
2006-05-18,-3.0096
2006-05-17,-2.4213
2006-05-16,-0.9644
2006-05-15,-0.2057
2006-05-12,0.0983
2006-05-11,0.4448
2006-05-10,0.6410
2006-05-09,0.1987
2006-05-08,-0.4167
2006-05-05,-1.0415
2006-05-04,-1.2269
2006-05-03,-1.4008
2006-05-02,-1.5371
2006-05-01,-1.6009
2006-04-28,-1.5508
2006-04-27,-1.3473
2006-04-26,-0.9736
2006-04-25,-0.4868
2006-04-24,-0.1313
2006-04-21,0.0957
2006-04-20,0.3477
2006-04-19,0.4734
2006-04-18,0.0981
2006-04-17,-0.2219
2006-04-13,-0.0634
2006-04-12,0.1911
2006-04-11,0.5422
2006-04-10,0.9358
2006-04-07,1.1854
2006-04-06,0.8187
2006-04-05,0.2404
2006-04-04,-0.4128
2006-04-03,-0.7099
2006-03-31,-1.0046
2006-03-30,-1.1331
2006-03-29,-1.3996
2006-03-28,-1.6976
2006-03-27,-2.0173
2006-03-24,-2.3439
2006-03-23,-2.3600
2006-03-22,-2.2285
2006-03-21,-1.3839
2006-03-20,-0.2593
2006-03-17,0.7581
2006-03-16,1.7024
2006-03-15,2.2140
2006-03-14,2.8138
2006-03-13,3.4502
2006-03-10,3.9773
2006-03-09,4.0556
2006-03-08,3.7632
2006-03-07,3.1165
2006-03-06,2.1394
2006-03-03,1.1410
2006-03-02,-0.1823
2006-03-01,-1.2037
2006-02-28,-1.9210
2006-02-27,-1.9937
2006-02-24,-2.3540
2006-02-23,-2.8436
2006-02-22,-3.2768
2006-02-21,-3.5177
2006-02-17,-3.6390
2006-02-16,-3.6395
2006-02-15,-3.5981
2006-02-14,-3.2181
2006-02-13,-2.9215
2006-02-10,-2.8297
2006-02-09,-2.6626
2006-02-08,-2.6440
2006-02-07,-2.3685
2006-02-06,-2.0811
2006-02-03,-1.3892
2006-02-02,-1.0719
2006-02-01,-0.9562
2006-01-31,-0.7778
2006-01-30,-0.6469
2006-01-27,-0.4080
2006-01-26,-0.0843
2006-01-25,0.1997
2006-01-24,0.5588
2006-01-23,0.8800
2006-01-20,0.8460
2006-01-19,0.6916
2006-01-18,0.3798
2006-01-17,-0.0908
2006-01-13,-0.6255
2006-01-12,0.0224
2006-01-11,0.4384
2006-01-10,0.4213
2006-01-09,-0.0358
2006-01-06,-0.5518
2006-01-05,-0.8228
2006-01-04,-1.0662
2006-01-03,-1.1181
2005-12-30,-1.0843
2005-12-29,-0.9251
2005-12-28,-0.6062
2005-12-27,-0.1247
2005-12-23,0.4278
2005-12-22,1.1865
2005-12-21,2.0301
2005-12-20,2.5163
2005-12-19,2.4850
2005-12-16,1.9988
2005-12-15,1.2813
2005-12-14,0.7712
2005-12-13,0.1017
2005-12-12,-0.3894
2005-12-09,0.1597
2005-12-08,0.1089
2005-12-07,-0.1124
2005-12-06,-0.4427
2005-12-05,-0.8642
2005-12-02,-1.2841
2005-12-01,-1.4605
2005-11-30,-0.8610
2005-11-29,-0.2832
2005-11-28,0.1340
2005-11-25,0.1022
2005-11-23,0.0583
2005-11-22,0.0246
2005-11-21,0.0627
2005-11-18,0.3138
2005-11-17,0.5850
2005-11-16,0.7203
2005-11-15,0.8402
2005-11-14,0.8912
2005-11-11,0.7674
2005-11-10,0.2754
2005-11-09,-0.4044
2005-11-08,-1.0730
2005-11-07,-1.1978
2005-11-04,-1.0455
2005-11-03,-0.7304
2005-11-02,-0.2518
2005-11-01,0.2919
2005-10-31,0.5548
2005-10-28,0.6433
2005-10-27,0.6198
2005-10-26,0.3174
2005-10-25,-0.0791
2005-10-24,0.0977
2005-10-21,0.5544
2005-10-20,1.0731
2005-10-19,1.4012
2005-10-18,1.4114
2005-10-17,1.2810
2005-10-14,1.2519
2005-10-13,1.2448
2005-10-12,0.9464
2005-10-11,0.6449
2005-10-10,0.1921
2005-10-07,-0.2752
2005-10-06,-0.3556
2005-10-05,-0.1981
2005-10-04,0.0348
2005-10-03,0.2968
2005-09-30,0.4311
2005-09-29,0.5998
2005-09-28,0.7898
2005-09-27,0.9577
2005-09-26,0.9971
2005-09-23,0.6810
2005-09-22,0.1472
2005-09-21,-0.5451
2005-09-20,-1.1386
2005-09-19,-0.9879
2005-09-16,-0.8614
2005-09-15,-1.0267
2005-09-14,-1.0311
2005-09-13,-1.1574
2005-09-12,-1.1690
2005-09-09,-0.9303
2005-09-08,-0.1930
2005-09-07,0.4528
2005-09-06,0.1988
2005-09-02,-0.1889
2005-09-01,-0.6570
2005-08-31,-1.0138
2005-08-30,-1.0470
2005-08-29,-0.8714
2005-08-26,-0.7733
2005-08-25,-1.1070
2005-08-24,-1.1972
2005-08-23,-1.0360
2005-08-22,-0.7980
2005-08-19,-0.6166
2005-08-18,-0.8613
2005-08-17,-0.9667
2005-08-16,-1.0946
2005-08-15,-1.3021
2005-08-12,-1.2756
2005-08-11,-1.1045
2005-08-10,-0.7402
2005-08-09,-0.5987
2005-08-08,-0.5173
2005-08-05,-0.3356
2005-08-04,-0.0340
2005-08-03,0.3738
2005-08-02,0.7820
2005-08-01,1.3212
2005-07-29,1.4566
2005-07-28,1.1458
2005-07-27,0.7157
2005-07-26,0.4412
2005-07-25,0.5812
2005-07-22,0.6549
2005-07-21,0.5084
2005-07-20,0.3055
2005-07-19,0.1609
2005-07-18,-0.0949
2005-07-15,-0.4780
2005-07-14,-0.9642
2005-07-13,-1.4382
2005-07-12,-1.6057
2005-07-11,-1.7119
2005-07-08,-1.7149
2005-07-07,-1.5698
2005-07-06,-1.2443
2005-07-05,-0.7551
2005-07-01,-0.2545
2005-06-30,0.2060
2005-06-29,0.5286
2005-06-28,0.5460
2005-06-27,0.4324
2005-06-24,0.0461
2005-06-23,-0.4276
2005-06-22,-0.3497
2005-06-21,-0.2547
2005-06-20,-0.2256
2005-06-17,-0.4723
2005-06-16,-0.6114
2005-06-15,-0.3348
2005-06-14,0.1879
2005-06-13,0.2079
2005-06-10,0.2174
2005-06-09,0.2095
2005-06-08,0.1769
2005-06-07,0.1163
2005-06-06,0.0367
2005-06-03,-0.0218
2005-06-02,0.0467
2005-06-01,0.4834
2005-05-31,0.9396
2005-05-27,1.1062
2005-05-26,1.5621
2005-05-25,1.8508
2005-05-24,1.4722
2005-05-23,0.7757
2005-05-20,-0.1366
2005-05-19,-0.8357
2005-05-18,-1.1537
2005-05-17,-1.4012
2005-05-16,-1.3575
2005-05-13,-1.4233
2005-05-12,-1.9326
2005-05-11,-1.5579
2005-05-10,-0.8867
2005-05-09,0.0684
2005-05-06,1.0943
2005-05-05,1.4507
2005-05-04,1.8547
2005-05-03,2.2371
2005-05-02,2.4239
2005-04-29,2.0364
2005-04-28,2.2593
2005-04-27,2.3357
2005-04-26,2.1414
2005-04-25,1.5259
2005-04-22,0.3674
2005-04-21,-1.3023
2005-04-20,-1.6867
2005-04-19,-1.6272
2005-04-18,-1.7831
2005-04-15,-1.3028
2005-04-14,-0.6997
2005-04-13,1.0850
2005-04-12,2.9917
2005-04-11,5.6947
2005-04-08,9.0143
2005-04-07,11.4747
2005-04-06,12.2048
2005-04-05,10.5449
2005-04-04,4.6227
2005-04-01,-1.9714
2005-03-31,-2.8748
2005-03-30,-3.3881
2005-03-29,-3.3641
2005-03-28,-3.4041
2005-03-24,-3.8997
2005-03-23,-4.4718
2005-03-22,-5.2354
2005-03-21,-5.8995
2005-03-18,-6.3252
2005-03-17,-6.3109
2005-03-16,-5.5469
2005-03-15,-4.7801
2005-03-14,-3.9604
2005-03-11,-3.8035
2005-03-10,-4.0735
2005-03-09,-4.2670
2005-03-08,-4.1132
2005-03-07,-3.3926
2005-03-04,-2.4247
2005-03-03,-1.6257
2005-03-02,-1.5101
2005-03-01,-1.2524
2005-02-28,-0.8982
2005-02-25,-0.6478
2005-02-24,-0.4074
2005-02-23,-0.4761
2005-02-22,-1.5480
2005-02-18,-1.9690
2005-02-17,-2.2708
2005-02-16,-2.1859
2005-02-15,-2.0369
2005-02-14,-2.0142
2005-02-11,-2.3350
2005-02-10,-2.6328
2005-02-09,-2.8804
2005-02-08,-3.0578
2005-02-07,-3.1740
2005-02-04,-3.3093
2005-02-03,-3.6966
2005-02-02,-4.0172
2005-02-01,-4.2617
2005-01-31,-4.4724
2005-01-28,-4.6216
2005-01-27,-5.0327
2005-01-26,-5.3080
2005-01-25,-5.4329
2005-01-24,-5.3150
2005-01-21,-4.9749
2005-01-20,-4.0388
2005-01-19,-2.9208
2005-01-18,-2.1366
2005-01-14,-1.3866
2005-01-13,-0.8663
2005-01-12,-0.3661
2005-01-11,-0.4415
2005-01-10,-0.4869
2005-01-07,-0.4475
2005-01-06,-0.2175
2005-01-05,0.4042
2005-01-04,0.5006
2005-01-03,0.8387
2004-12-31,0.9788
2004-12-30,1.0759
2004-12-29,1.0637
2004-12-28,0.9652
2004-12-27,0.6682
2004-12-23,0.2337
2004-12-22,-0.1816
2004-12-21,-0.2711
2004-12-20,-0.5684
2004-12-17,-0.6656
2004-12-16,-0.7534
2004-12-15,-0.8158
2004-12-14,-0.8316
2004-12-13,-0.7759
2004-12-10,-0.6275
2004-12-09,-0.3850
2004-12-08,-0.1053
2004-12-07,0.0147
2004-12-06,0.1219
2004-12-03,0.0936
2004-12-02,-0.3517
2004-12-01,-1.1462
2004-11-30,-1.8312
2004-11-29,-1.7653
2004-11-26,-0.7507
2004-11-24,-0.6113
2004-11-23,-0.2098
2004-11-22,0.0583
2004-11-19,-0.1394
2004-11-18,-0.5212
2004-11-17,-0.6107
2004-11-16,-0.3115
2004-11-15,0.2537
2004-11-12,0.7188
2004-11-11,0.4502
2004-11-10,-0.1755
2004-11-09,-0.4277
2004-11-08,-0.7838
2004-11-05,-1.2329
2004-11-04,-1.7070
2004-11-03,-2.0280
2004-11-02,-2.3522
2004-11-01,-2.6572
2004-10-29,-2.9197
2004-10-28,-3.1275
2004-10-27,-3.3033
2004-10-26,-3.0948
2004-10-25,-2.6135
2004-10-22,-1.9009
2004-10-21,-1.2119
2004-10-20,-0.4317
2004-10-19,-0.5493
2004-10-18,-0.6154
2004-10-15,-0.5211
2004-10-14,-0.3939
2004-10-13,-0.3257
2004-10-12,-0.2142
2004-10-11,-0.0057
2004-10-08,0.3241
2004-10-07,0.7781
2004-10-06,1.2938
2004-10-05,1.6453
2004-10-04,2.1780
2004-10-01,3.0811
2004-09-30,3.7445
2004-09-29,4.2974
2004-09-28,4.3028
2004-09-27,4.2032
2004-09-24,4.6167
2004-09-23,4.8101
2004-09-22,4.7542
2004-09-21,4.7000
2004-09-20,4.1820
2004-09-17,3.3796
2004-09-16,1.6924
2004-09-15,-0.0091
2004-09-14,-0.0126
2004-09-13,-0.0175
2004-09-10,-0.0242
2004-09-09,-0.0332
2004-09-08,-0.0455
2004-09-07,-0.0620
2004-09-03,-0.0840
2004-09-02,-0.1133
2004-09-01,-0.1519
2004-08-31,-0.2022
2004-08-30,-0.2670
2004-08-27,-0.3493
2004-08-26,-0.4522
2004-08-25,-0.5783
2004-08-24,-0.7291
2004-08-23,-0.9039
2004-08-20,-1.0981
2004-08-19,-1.3023
2004-08-18,-1.4992
2004-08-17,-1.6628
2004-08-16,-1.7571
2004-08-13,-1.7379
2004-08-12,-1.5591
2004-08-11,-1.1898
2004-08-10,-0.6564
2004-08-09,-0.1406
2004-08-06,-0.1912
2004-08-05,-0.2587
2004-08-04,-0.3482
2004-08-03,-0.4658
2004-08-02,-0.6189
2004-07-30,-0.8161
2004-07-29,-1.0670
2004-07-28,-1.3822
2004-07-27,-1.7721
2004-07-26,-2.2470
2004-07-23,-2.8160
2004-07-22,-3.4880
2004-07-21,-4.2731
2004-07-20,-5.1875
2004-07-19,-6.2629
2004-07-16,-7.5591
2004-07-08,-9.1800
2004-06-09,-11.2815
2004-06-08,-13.8013
2004-05-28,-16.1693
2004-05-24,-18.1530
2004-05-13,-19.9462
2004-05-11,-21.5206
2004-05-07,-22.8074
2004-05-06,-23.8281
2004-04-30,-24.5813
2004-04-26,-25.1123
2004-04-15,-25.4443
2004-04-13,-25.5838
2004-04-12,-25.5753
2004-04-08,-25.4332
2004-04-07,-25.1725
2004-04-06,-24.8053
2004-04-05,-24.3391
2004-03-31,-23.7896
2004-02-24,-23.1379
2004-02-23,-22.3496
2004-02-20,-21.3764
